[76561197960274719,
 76561197962159217,
 76561197963421121,
 76561197964224201,
 76561197964645757,
 76561197965052843,
 76561197966385103,
 76561197967309269,
 76561197967411711,
 76561197968680597,
 76561197969962559,
 76561197970586219,
 76561197971289421,
 76561197972848201,
 76561197974462753,
 76561197974476037,
 76561197975077935,
 76561197976085641,
 76561197978057797,
 76561197978419191,
 76561197980099807,
 76561197981139791,
 76561197982137859,
 76561197982880041,
 76561197984384045,
 76561197984608477,
 76561197986037913,
 76561197986046767,
 76561197986156389,
 76561197986496853,
 76561197986536445,
 76561197986723003,
 76561197987116581,
 76561197987461239,
 76561197987966907,
 76561197988022957,
 76561197988157807,
 76561197988277873,
 76561197988747911,
 76561197988853987,
 76561197989216355,
 76561197989280677,
 76561197989469393,
 76561197989550255,
 76561197989572687,
 76561197989633963,
 76561197989761573,
 76561197989766731,
 76561197989972073,
 76561197990040455,
 76561197990171509,
 76561197990237903,
 76561197990315265,
 76561197990772749,
 76561197990880865,
 76561197990958267,
 76561197991012873,
 76561197991025503,
 76561197991042013,
 76561197991089937,
 76561197991319965,
 76561197991360839,
 76561197991387423,
 76561197991437495,
 76561197991482073,
 76561197991571421,
 76561197991590553,
 76561197991661499,
 76561197991699433,
 76561197991873461,
 76561197991968309,
 76561197991991921,
 76561197992054423,
 76561197992136151,
 76561197992161811,
 76561197992237597,
 76561197992320633,
 76561197992376111,
 76561197992394939,
 76561197992420913,
 76561197992487833,
 76561197992492717,
 76561197992508913,
 76561197992597021,
 76561197992662219,
 76561197992859973,
 76561197992866169,
 76561197992921385,
 76561197992958887,
 76561197993045657,
 76561197993093527,
 76561197993167789,
 76561197993213405,
 76561197993265317,
 76561197993303685,
 76561197993308557,
 76561197993337471,
 76561197993415313,
 76561197993429691,
 76561197993486651,
 76561197993562419,
 76561197993579145,
 76561197993656227,
 76561197993678759,
 76561197993711461,
 76561197993770981,
 76561197993772957,
 76561197993789667,
 76561197993805943,
 76561197993878265,
 76561197993899381,
 76561197994074749,
 76561197994085291,
 76561197994149861,
 76561197994160509,
 76561197994190881,
 76561197994472405,
 76561197994505889,
 76561197994567665,
 76561197994604149,
 76561197994606885,
 76561197994723355,
 76561197994772703,
 76561197995001267,
 76561197995030219,
 76561197995063451,
 76561197995306813,
 76561197995356193,
 76561197995443793,
 76561197995492695,
 76561197995654831,
 76561197995711851,
 76561197995906907,
 76561197995910545,
 76561197995961799,
 76561197995965447,
 76561197996008195,
 76561197996015611,
 76561197996112155,
 76561197996119437,
 76561197996181205,
 76561197996217221,
 76561197996261743,
 76561197996318505,
 76561197996428027,
 76561197996433801,
 76561197996511711,
 76561197996516451,
 76561197996538771,
 76561197996609351,
 76561197996666447,
 76561197996870153,
 76561197997009503,
 76561197997048699,
 76561197997342135,
 76561197997447897,
 76561197997472855,
 76561197997544071,
 76561197997781615,
 76561197997841677,
 76561197997876441,
 76561197997938123,
 76561197998033635,
 76561197998132409,
 76561197998194651,
 76561197998245035,
 76561197998267413,
 76561197998350211,
 76561197998362247,
 76561197998463831,
 76561197998644581,
 76561197998662265,
 76561197998818017,
 76561197999134095,
 76561197999134281,
 76561197999250399,
 76561197999265843,
 76561197999323519,
 76561197999577277,
 76561197999615465,
 76561197999778213,
 76561198000305609,
 76561198000314317,
 76561198000439205,
 76561198000563791,
 76561198000846231,
 76561198000894719,
 76561198001092047,
 76561198001120417,
 76561198001223711,
 76561198001250689,
 76561198001321309,
 76561198001372227,
 76561198001458641,
 76561198001646031,
 76561198001792705,
 76561198001827695,
 76561198001851847,
 76561198002220203,
 76561198002332021,
 76561198002398283,
 76561198002452911,
 76561198002496583,
 76561198002558085,
 76561198002578315,
 76561198002699231,
 76561198002872963,
 76561198002875459,
 76561198002908207,
 76561198002946065,
 76561198002951949,
 76561198003042511,
 76561198003234477,
 76561198003254253,
 76561198003388467,
 76561198003430435,
 76561198003507015,
 76561198003561461,
 76561198003624929,
 76561198003667185,
 76561198003671373,
 76561198003716069,
 76561198003767681,
 76561198003827187,
 76561198003882251,
 76561198003929063,
 76561198003944081,
 76561198003962349,
 76561198003962819,
 76561198004034283,
 76561198004053131,
 76561198004069523,
 76561198004117257,
 76561198004148077,
 76561198004167519,
 76561198004216713,
 76561198004300933,
 76561198004355061,
 76561198004359237,
 76561198004382849,
 76561198004418859,
 76561198004506651,
 76561198004702883,
 76561198004753207,
 76561198004849475,
 76561198004861685,
 76561198004915621,
 76561198004955147,
 76561198004978923,
 76561198005034615,
 76561198005059249,
 76561198005072103,
 76561198005157055,
 76561198005185363,
 76561198005239427,
 76561198005318339,
 76561198005369227,
 76561198005472907,
 76561198005513307,
 76561198005544059,
 76561198005618571,
 76561198005678375,
 76561198005694291,
 76561198005860273,
 76561198005880383,
 76561198005907377,
 76561198006034855,
 76561198006070713,
 76561198006174685,
 76561198006180253,
 76561198006255661,
 76561198006318659,
 76561198006331669,
 76561198006374589,
 76561198006403899,
 76561198006457797,
 76561198006468489,
 76561198006476425,
 76561198006515811,
 76561198006527935,
 76561198006550145,
 76561198006603399,
 76561198006680297,
 76561198006710241,
 76561198006837591,
 76561198006915035,
 76561198006937823,
 76561198007013827,
 76561198007348185,
 76561198007370451,
 76561198007582885,
 76561198007647169,
 76561198007675197,
 76561198007732089,
 76561198007837251,
 76561198007844133,
 76561198007867859,
 76561198007939675,
 76561198007946789,
 76561198007963389,
 76561198007983903,
 76561198008012735,
 76561198008040985,
 76561198008056905,
 76561198008136397,
 76561198008185201,
 76561198008242419,
 76561198008471177,
 76561198008501165,
 76561198008536237,
 76561198008565753,
 76561198008634063,
 76561198008643803,
 76561198008652987,
 76561198008695519,
 76561198008714965,
 76561198008867587,
 76561198008918275,
 76561198008934817,
 76561198008937799,
 76561198008941713,
 76561198009093933,
 76561198009096923,
 76561198009177915,
 76561198009222309,
 76561198009244005,
 76561198009325341,
 76561198009406475,
 76561198009438381,
 76561198009482341,
 76561198009622651,
 76561198009634989,
 76561198009782009,
 76561198009792839,
 76561198009872485,
 76561198009893967,
 76561198010040273,
 76561198010087211,
 76561198010128037,
 76561198010218643,
 76561198010243631,
 76561198010339005,
 76561198010341409,
 76561198010347211,
 76561198010427081,
 76561198010488565,
 76561198010554187,
 76561198010573703,
 76561198010581809,
 76561198010650931,
 76561198010676391,
 76561198010759013,
 76561198010771439,
 76561198010806429,
 76561198011030015,
 76561198011076801,
 76561198011107765,
 76561198011119059,
 76561198011121179,
 76561198011237973,
 76561198011419757,
 76561198011455781,
 76561198011543323,
 76561198011554923,
 76561198011670807,
 76561198011781363,
 76561198011787053,
 76561198011918919,
 76561198011986023,
 76561198012009185,
 76561198012055183,
 76561198012182977,
 76561198012190555,
 76561198012228813,
 76561198012230161,
 76561198012254935,
 76561198012271363,
 76561198012274737,
 76561198012280099,
 76561198012329965,
 76561198012394939,
 76561198012559487,
 76561198012621411,
 76561198012742747,
 76561198012779163,
 76561198012800861,
 76561198012806933,
 76561198012812391,
 76561198012822227,
 76561198012870873,
 76561198012880235,
 76561198012887031,
 76561198012955803,
 76561198012956095,
 76561198013108565,
 76561198013129681,
 76561198013150659,
 76561198013337403,
 76561198013402547,
 76561198013521919,
 76561198013531431,
 76561198013657069,
 76561198013721419,
 76561198013756087,
 76561198013776037,
 76561198013816229,
 76561198013818737,
 76561198013964963,
 76561198013985509,
 76561198014034303,
 76561198014214813,
 76561198014229475,
 76561198014256277,
 76561198014284749,
 76561198014504891,
 76561198014562835,
 76561198014570853,
 76561198014709587,
 76561198014913619,
 76561198015019873,
 76561198015121715,
 76561198015171237,
 76561198015214769,
 76561198015235681,
 76561198015284397,
 76561198015337439,
 76561198015400725,
 76561198015467837,
 76561198015599013,
 76561198015707595,
 76561198015819459,
 76561198015955007,
 76561198016021689,
 76561198016093125,
 76561198016094057,
 76561198016132855,
 76561198016198421,
 76561198016219533,
 76561198016235263,
 76561198016244223,
 76561198016276843,
 76561198016388145,
 76561198016489401,
 76561198016509609,
 76561198016532973,
 76561198016620407,
 76561198016674081,
 76561198016728295,
 76561198016801655,
 76561198016825961,
 76561198016932329,
 76561198017083895,
 76561198017109579,
 76561198017151217,
 76561198017240623,
 76561198017318411,
 76561198017432955,
 76561198017461909,
 76561198017526281,
 76561198017558935,
 76561198017594699,
 76561198017690523,
 76561198017782011,
 76561198017801225,
 76561198017849893,
 76561198017937611,
 76561198018031721,
 76561198018059947,
 76561198018290711,
 76561198018312041,
 76561198018393147,
 76561198018445329,
 76561198018804145,
 76561198018935533,
 76561198018984823,
 76561198019077615,
 76561198019122085,
 76561198019170423,
 76561198019305079,
 76561198019315377,
 76561198019402065,
 76561198019415107,
 76561198019474315,
 76561198019542279,
 76561198019551711,
 76561198019583021,
 76561198019691967,
 76561198019968347,
 76561198019977685,
 76561198020049581,
 76561198020104627,
 76561198020174817,
 76561198020270419,
 76561198020721735,
 76561198020754937,
 76561198020788133,
 76561198020806301,
 76561198020865891,
 76561198020885499,
 76561198020905017,
 76561198020906717,
 76561198021172659,
 76561198021234743,
 76561198021311867,
 76561198021341421,
 76561198021387191,
 76561198021463957,
 76561198021484631,
 76561198021679129,
 76561198021713127,
 76561198021727693,
 76561198021744349,
 76561198021759311,
 76561198021766681,
 76561198021848923,
 76561198021882061,
 76561198021889491,
 76561198021945945,
 76561198021964717,
 76561198022010303,
 76561198022041921,
 76561198022088819,
 76561198022094389,
 76561198022099099,
 76561198022112287,
 76561198022130367,
 76561198022282361,
 76561198022301941,
 76561198022336547,
 76561198022409209,
 76561198022541747,
 76561198022587537,
 76561198022591417,
 76561198022739503,
 76561198022769523,
 76561198022783981,
 76561198022787175,
 76561198022803013,
 76561198022832565,
 76561198022873323,
 76561198022877841,
 76561198022985189,
 76561198023127011,
 76561198023128225,
 76561198023174741,
 76561198023229509,
 76561198023478249,
 76561198023488741,
 76561198023494185,
 76561198023591125,
 76561198023642065,
 76561198023669075,
 76561198023712085,
 76561198023729527,
 76561198023766365,
 76561198024029953,
 76561198024104641,
 76561198024274483,
 76561198024433453,
 76561198024445153,
 76561198024463359,
 76561198024496445,
 76561198024537661,
 76561198024577845,
 76561198024637927,
 76561198024951433,
 76561198025331785,
 76561198025359977,
 76561198025751351,
 76561198025754999,
 76561198025795375,
 76561198025877219,
 76561198025885165,
 76561198025993313,
 76561198026161929,
 76561198026232217,
 76561198026269391,
 76561198026369683,
 76561198026411551,
 76561198026491549,
 76561198026707687,
 76561198026724889,
 76561198026741695,
 76561198026828423,
 76561198026919705,
 76561198026967227,
 76561198026970767,
 76561198027026159,
 76561198027161443,
 76561198027162677,
 76561198027172673,
 76561198027358869,
 76561198027367749,
 76561198027489203,
 76561198027523875,
 76561198027601299,
 76561198027691429,
 76561198027701801,
 76561198027750797,
 76561198027756103,
 76561198028089437,
 76561198028119451,
 76561198028158585,
 76561198028384233,
 76561198028386071,
 76561198028529759,
 76561198028777047,
 76561198028799937,
 76561198028872781,
 76561198028992577,
 76561198029018833,
 76561198029083615,
 76561198029194663,
 76561198029388625,
 76561198029428511,
 76561198029435047,
 76561198029443249,
 76561198029712319,
 76561198029786249,
 76561198029858409,
 76561198029895497,
 76561198030068711,
 76561198030465973,
 76561198030500789,
 76561198030673963,
 76561198030863899,
 76561198031036583,
 76561198031155519,
 76561198031156055,
 76561198031209215,
 76561198031230111,
 76561198031301661,
 76561198031408475,
 76561198031572305,
 76561198031575927,
 76561198031893399,
 76561198031909833,
 76561198032088609,
 76561198032129209,
 76561198032447161,
 76561198032479313,
 76561198032540455,
 76561198032775903,
 76561198032787791,
 76561198032823787,
 76561198032959385,
 76561198032980363,
 76561198033001761,
 76561198033279253,
 76561198033440465,
 76561198033497873,
 76561198033617963,
 76561198033841131,
 76561198033892627,
 76561198034063945,
 76561198034079773,
 76561198034215381,
 76561198034216003,
 76561198034250165,
 76561198034436485,
 76561198034547953,
 76561198034818807,
 76561198034910469,
 76561198034951167,
 76561198034957309,
 76561198034969673,
 76561198035115619,
 76561198035169809,
 76561198035174645,
 76561198035308559,
 76561198035423345,
 76561198035526235,
 76561198036236999,
 76561198036276465,
 76561198036573981,
 76561198036577109,
 76561198036680057,
 76561198036856855,
 76561198036883445,
 76561198037000265,
 76561198037074217,
 76561198037234783,
 76561198037243207,
 76561198037545419,
 76561198037890657,
 76561198037892011,
 76561198038133033,
 76561198038594731,
 76561198038834877,
 76561198038905779,
 76561198039091677,
 76561198039215615,
 76561198039300421,
 76561198039300957,
 76561198039330001,
 76561198039430279,
 76561198039688237,
 76561198039809449,
 76561198039852079,
 76561198040276639,
 76561198040307635,
 76561198040380555,
 76561198040648939,
 76561198040819663,
 76561198041041271,
 76561198041061597,
 76561198041294771,
 76561198041297115,
 76561198041311165,
 76561198041479605,
 76561198041537653,
 76561198041746569,
 76561198041880817,
 76561198041913317,
 76561198042252943,
 76561198042272507,
 76561198042530765,
 76561198042573079,
 76561198042777413,
 76561198042884473,
 76561198042961047,
 76561198043041617,
 76561198043043721,
 76561198043053193,
 76561198043125355,
 76561198043265555,
 76561198043378067,
 76561198043397823,
 76561198043433535,
 76561198043554177,
 76561198043614387,
 76561198043821753,
 76561198043895369,
 76561198044095417,
 76561198044119841,
 76561198044242619,
 76561198044344319,
 76561198044377153,
 76561198044497669,
 76561198044526813,
 76561198044637363,
 76561198044653369,
 76561198044771815,
 76561198044811765,
 76561198044837407,
 76561198045001675,
 76561198045020557,
 76561198045090497,
 76561198045160087,
 76561198045201963,
 76561198045624629,
 76561198045733229,
 76561198045760019,
 76561198045768229,
 76561198045782205,
 76561198045784091,
 76561198046111787,
 76561198046200855,
 76561198046206269,
 76561198046262301,
 76561198046348647,
 76561198046436777,
 76561198046555477,
 76561198046587919,
 76561198046848631,
 76561198046937603,
 76561198047173105,
 76561198047598383,
 76561198047741945,
 76561198048064905,
 76561198048187321,
 76561198048203109,
 76561198048289369,
 76561198048311093,
 76561198048346435,
 76561198048477339,
 76561198048489507,
 76561198048514837,
 76561198048532487,
 76561198048553767,
 76561198048571337,
 76561198048666817,
 76561198048706397,
 76561198049026813,
 76561198049039077,
 76561198049109493,
 76561198049334801,
 76561198049428321,
 76561198049588695,
 76561198049695243,
 76561198049707403,
 76561198049734319,
 76561198049774339,
 76561198049784655,
 76561198049834121,
 76561198049906523,
 76561198050097227,
 76561198050119823,
 76561198050244577,
 76561198050291893,
 76561198050299861,
 76561198050399611,
 76561198050545217,
 76561198050618995,
 76561198050708713,
 76561198050777679,
 76561198051142601,
 76561198051244737,
 76561198051283629,
 76561198051416693,
 76561198051466333,
 76561198051542561,
 76561198051560937,
 76561198051704845,
 76561198051842007,
 76561198051922215,
 76561198052011199,
 76561198052284481,
 76561198052289259,
 76561198052289751,
 76561198052390367,
 76561198052532007,
 76561198052532127,
 76561198052986781,
 76561198053002765,
 76561198053065071,
 76561198053250079,
 76561198053308831,
 76561198053472627,
 76561198053718169,
 76561198053788751,
 76561198053921445,
 76561198054509963,
 76561198054680999,
 76561198054785109,
 76561198054871789,
 76561198055059467,
 76561198055162005,
 76561198055394669,
 76561198055565261,
 76561198055661423,
 76561198055696917,
 76561198055771639,
 76561198056070057,
 76561198056282455,
 76561198056659055,
 76561198056937407,
 76561198056969205,
 76561198057285477,
 76561198057291395,
 76561198057296265,
 76561198057814779,
 76561198057820521,
 76561198057916075,
 76561198058051247,
 76561198058166883,
 76561198058168217,
 76561198058210331,
 76561198058311067,
 76561198058325813,
 76561198058502425,
 76561198058574003,
 76561198058639651,
 76561198058653295,
 76561198058784973,
 76561198058814641,
 76561198058819689,
 76561198058995603,
 76561198059020841,
 76561198059054377,
 76561198059058999,
 76561198059167961,
 76561198059190979,
 76561198059318515,
 76561198059491349,
 76561198059494679,
 76561198059739167,
 76561198059800863,
 76561198059816871,
 76561198059876657,
 76561198059905739,
 76561198059925203,
 76561198060048203,
 76561198060097215,
 76561198060109705,
 76561198060150011,
 76561198060183353,
 76561198060420785,
 76561198060434909,
 76561198060577371,
 76561198060771743,
 76561198060777875,
 76561198060860963,
 76561198060999721,
 76561198061064229,
 76561198061218089,
 76561198061254431,
 76561198061316165,
 76561198061351629,
 76561198061424675,
 76561198061473143,
 76561198061564655,
 76561198061935799,
 76561198061994201,
 76561198062040779,
 76561198062347003,
 76561198062538887,
 76561198062660481,
 76561198062761403,
 76561198063046087,
 76561198063055253,
 76561198063221001,
 76561198063264267,
 76561198063623197,
 76561198063881725,
 76561198063898029,
 76561198064036147,
 76561198064054289,
 76561198064064591,
 76561198064067947,
 76561198064197075,
 76561198064322959,
 76561198064383673,
 76561198064925247,
 76561198064970359,
 76561198065093493,
 76561198065142063,
 76561198065237579,
 76561198065306695,
 76561198065395057,
 76561198065417275,
 76561198065510107,
 76561198065664649,
 76561198065797237,
 76561198066033199,
 76561198066109015,
 76561198066128477,
 76561198066201293,
 76561198066265987,
 76561198066306043,
 76561198066399767,
 76561198066433355,
 76561198066592909,
 76561198066611819,
 76561198066614989,
 76561198066732923,
 76561198066746297,
 76561198066825413,
 76561198066891499,
 76561198066975903,
 76561198067006983,
 76561198067067117,
 76561198067216533,
 76561198067335803,
 76561198067462693,
 76561198067521005,
 76561198067568433,
 76561198067588997,
 76561198067640833,
 76561198067868201,
 76561198067892407,
 76561198068047865,
 76561198068144931,
 76561198068188801,
 76561198068304531,
 76561198068308471,
 76561198068394317,
 76561198068397855,
 76561198068459133,
 76561198068587637,
 76561198068667429,
 76561198068672429,
 76561198068713909,
 76561198068722085,
 76561198068761767,
 76561198069076223,
 76561198069137941,
 76561198069198007,
 76561198069423475,
 76561198069740991,
 76561198069770629,
 76561198069864845,
 76561198069869597,
 76561198069895939,
 76561198069912277,
 76561198070033831,
 76561198070254931,
 76561198070322585,
 76561198070398877,
 76561198070466391,
 76561198070562107,
 76561198070603041,
 76561198070631071,
 76561198070708139,
 76561198070821535,
 76561198070846125,
 76561198070926529,
 76561198070992725,
 76561198071248801,
 76561198071255625,
 76561198071354465,
 76561198071372743,
 76561198071378843,
 76561198071564271,
 76561198071631917,
 76561198071656811,
 76561198071668207,
 76561198071818279,
 76561198071823339,
 76561198072047787,
 76561198072251465,
 76561198072395399,
 76561198072424755,
 76561198072430163,
 76561198072439155,
 76561198072589041,
 76561198072637607,
 76561198072786533,
 76561198072850157,
 76561198073073359,
 76561198073085773,
 76561198073119473,
 76561198073290103,
 76561198073407149,
 76561198073575685,
 76561198073851481,
 76561198073934807,
 76561198073988501,
 76561198074073159,
 76561198074229203,
 76561198074414889,
 76561198074424941,
 76561198074459919,
 76561198074512203,
 76561198074648251,
 76561198074652667,
 76561198074654279,
 76561198074764461,
 76561198074789123,
 76561198074821777,
 76561198074876429,
 76561198074911997,
 76561198074966499,
 76561198075244759,
 76561198075344741,
 76561198075516541,
 76561198075660779,
 76561198075709685,
 76561198075774541,
 76561198076072473,
 76561198076252017,
 76561198076257407,
 76561198076336021,
 76561198076348609,
 76561198076451649,
 76561198076623785,
 76561198076710813,
 76561198076715559,
 76561198076757313,
 76561198077124655,
 76561198077173707,
 76561198077186335,
 76561198077205671,
 76561198077212073,
 76561198077568665,
 76561198077574417,
 76561198077735717,
 76561198077885055,
 76561198077926139,
 76561198077978633,
 76561198077981543,
 76561198078040457,
 76561198078093229,
 76561198078191217,
 76561198078325271,
 76561198078394689,
 76561198078444101,
 76561198078470267,
 76561198078609925,
 76561198078623369,
 76561198078765749,
 76561198079008193,
 76561198079018483,
 76561198079144361,
 76561198079177385,
 76561198079203503,
 76561198079386385,
 76561198079403485,
 76561198079672359,
 76561198079822333,
 76561198079873123,
 76561198079939647,
 76561198080001927,
 76561198080004713,
 76561198080114655,
 76561198080228597,
 76561198080408117,
 76561198080500405,
 76561198080543657,
 76561198080564875,
 76561198080585131,
 76561198080782167,
 76561198081021539,
 76561198081031969,
 76561198081073107,
 76561198081095987,
 76561198081273341,
 76561198081297615,
 76561198081337215,
 76561198081415497,
 76561198081483927,
 76561198081513181,
 76561198081541877,
 76561198081569327,
 76561198081605679,
 76561198081739419,
 76561198081776069,
 76561198081839269,
 76561198081932581,
 76561198081938719,
 76561198081983955,
 76561198082020955,
 76561198082043373,
 76561198082113889,
 76561198082141695,
 76561198082149091,
 76561198082213327,
 76561198082272649,
 76561198082305343,
 76561198082344199,
 76561198082426711,
 76561198082426865,
 76561198082585681,
 76561198082638717,
 76561198082666665,
 76561198082728147,
 76561198082747041,
 76561198082767325,
 76561198082790243,
 76561198082816623,
 76561198082820059,
 76561198082820501,
 76561198082897435,
 76561198082926441,
 76561198082955629,
 76561198083012821,
 76561198083084781,
 76561198083092643,
 76561198083113569,
 76561198083195123,
 76561198083197009,
 76561198083197759,
 76561198083228009,
 76561198083314077,
 76561198083328599,
 76561198083348941,
 76561198083387791,
 76561198083431369,
 76561198083567963,
 76561198083604201,
 76561198083727523,
 76561198083804977,
 76561198083874163,
 76561198083920779,
 76561198083977247,
 76561198083987871,
 76561198084076513,
 76561198084136459,
 76561198084218405,
 76561198084245375,
 76561198084260831,
 76561198084371737,
 76561198084434267,
 76561198084497431,
 76561198084516623,
 76561198084681467,
 76561198084741107,
 76561198084744029,
 76561198084765253,
 76561198084786133,
 76561198084933559,
 76561198084955813,
 76561198084972825,
 76561198084990879,
 76561198085099095,
 76561198085134487,
 76561198085219521,
 76561198085316549,
 76561198085322245,
 76561198085402079,
 76561198085447735,
 76561198085448625,
 76561198085484403,
 76561198085540253,
 76561198085549369,
 76561198085592947,
 76561198085608227,
 76561198085652777,
 76561198085766967,
 76561198085776555,
 76561198085806827,
 76561198085811435,
 76561198085836901,
 76561198085857721,
 76561198085870459,
 76561198085967129,
 76561198085980711,
 76561198086114645,
 76561198086213319,
 76561198086239187,
 76561198086266907,
 76561198086289071,
 76561198086381395,
 76561198086432091,
 76561198086443149,
 76561198086451843,
 76561198086475779,
 76561198086495029,
 76561198086582017,
 76561198086720291,
 76561198086726079,
 76561198086730215,
 76561198086741559,
 76561198086864639,
 76561198087004777,
 76561198087061121,
 76561198087075389,
 76561198087092285,
 76561198087237055,
 76561198087350763,
 76561198087427811,
 76561198087448665,
 76561198087488311,
 76561198087495177,
 76561198087599727,
 76561198087717593,
 76561198087770329,
 76561198087799593,
 76561198087831777,
 76561198087923031,
 76561198087962635,
 76561198088028535,
 76561198088155437,
 76561198088268081,
 76561198088359411,
 76561198088366465,
 76561198088437907,
 76561198088550739,
 76561198088720187,
 76561198088834685,
 76561198088867157,
 76561198088982575,
 76561198089076307,
 76561198089200795,
 76561198089222161,
 76561198089237487,
 76561198089239133,
 76561198089273779,
 76561198089276637,
 76561198089310971,
 76561198089378879,
 76561198089422399,
 76561198089446043,
 76561198089511307,
 76561198089532929,
 76561198089645627,
 76561198089670161,
 76561198089733873,
 76561198089812235,
 76561198089863191,
 76561198089914671,
 76561198089935147,
 76561198089958981,
 76561198090010299,
 76561198090121109,
 76561198090248277,
 76561198090348579,
 76561198090355197,
 76561198090360301,
 76561198090379441,
 76561198090548895,
 76561198090560319,
 76561198090757567,
 76561198090767407,
 76561198090774595,
 76561198090780267,
 76561198090826319,
 76561198090895017,
 76561198090936651,
 76561198091005509,
 76561198091021003,
 76561198091157957,
 76561198091261917,
 76561198091442441,
 76561198091529971,
 76561198091652263,
 76561198091753951,
 76561198091756721,
 76561198091853597,
 76561198091889247,
 76561198091901189,
 76561198091928863,
 76561198092026717,
 76561198092030389,
 76561198092036311,
 76561198092106519,
 76561198092181919,
 76561198092217375,
 76561198092232093,
 76561198092286411,
 76561198092379573,
 76561198092463753,
 76561198092595655,
 76561198092598701,
 76561198092641161,
 76561198092973931,
 76561198093066393,
 76561198093118641,
 76561198093383607,
 76561198093392293,
 76561198093406583,
 76561198093414985,
 76561198093459883,
 76561198093515319,
 76561198093543367,
 76561198093637335,
 76561198093642017,
 76561198093683603,
 76561198093740099,
 76561198093755121,
 76561198093774895,
 76561198093874005,
 76561198093918961,
 76561198093968405,
 76561198093995377,
 76561198094079279,
 76561198094356939,
 76561198094443057,
 76561198094513263,
 76561198094843649,
 76561198095124767,
 76561198095124955,
 76561198095190449,
 76561198095225721,
 76561198095289295,
 76561198095366933,
 76561198095433687,
 76561198095477819,
 76561198095519265,
 76561198095646267,
 76561198095741431,
 76561198095801993,
 76561198095914579,
 76561198095924147,
 76561198096108205,
 76561198096116183,
 76561198096243117,
 76561198096278685,
 76561198096548141,
 76561198096586037,
 76561198096620367,
 76561198096857599,
 76561198096946953,
 76561198097126255,
 76561198097147509,
 76561198097290093,
 76561198097426081,
 76561198097444069,
 76561198097609881,
 76561198097742937,
 76561198097767315,
 76561198097809201,
 76561198097847873,
 76561198097886285,
 76561198097959211,
 76561198098031529,
 76561198098070157,
 76561198098107255,
 76561198098159931,
 76561198098176123,
 76561198098191917,
 76561198098194243,
 76561198098218653,
 76561198098425753,
 76561198098554033,
 76561198098566791,
 76561198098627891,
 76561198098629799,
 76561198098791601,
 76561198098804559,
 76561198098868985,
 76561198098947069,
 76561198098971737,
 76561198099054939,
 76561198099076497,
 76561198099112393,
 76561198099222173,
 76561198099401369,
 76561198099403967,
 76561198099547387,
 76561198099609969,
 76561198099659607,
 76561198099714839,
 76561198099996009,
 76561198100000431,
 76561198100126463,
 76561198100368463,
 76561198100408241,
 76561198100436533,
 76561198100527557,
 76561198100599841,
 76561198100663263,
 76561198100854099,
 76561198100922167,
 76561198101036119,
 76561198101081501,
 76561198101109553,
 76561198101181189,
 76561198101290465,
 76561198101328429,
 76561198101371771,
 76561198101468307,
 76561198101563815,
 76561198101660307,
 76561198101724887,
 76561198101794871,
 76561198101839557,
 76561198101895493,
 76561198101987533,
 76561198102164685,
 76561198102190671,
 76561198102320935,
 76561198102341617,
 76561198102344941,
 76561198102513451,
 76561198102733415,
 76561198102860451,
 76561198102901843,
 76561198103051531,
 76561198103160851,
 76561198103210059,
 76561198103273229,
 76561198103333167,
 76561198103348669,
 76561198103411793,
 76561198103551457,
 76561198103573405,
 76561198103581643,
 76561198103583809,
 76561198103683409,
 76561198103707087,
 76561198103742637,
 76561198103831553,
 76561198103867703,
 76561198103955745,
 76561198103979785,
 76561198104152005,
 76561198104209989,
 76561198104280709,
 76561198104385307,
 76561198104485601,
 76561198104571557,
 76561198104633197,
 76561198104740187,
 76561198104939539,
 76561198105133631,
 76561198105249543,
 76561198105357513,
 76561198105461675,
 76561198105539227,
 76561198105693135,
 76561198105702003,
 76561198105881111,
 76561198105989847,
 76561198106036145,
 76561198106096633,
 76561198106155503,
 76561198106200669,
 76561198106398087,
 76561198106619191,
 76561198106620101,
 76561198106671687,
 76561198106727475,
 76561198106907119,
 76561198106987797,
 76561198107064677,
 76561198107114541,
 76561198107133993,
 76561198107163509,
 76561198107211013,
 76561198107374461,
 76561198107391515,
 76561198107582103,
 76561198107737135,
 76561198107776075,
 76561198107795101,
 76561198107959965,
 76561198108105453,
 76561198108143925,
 76561198108302841,
 76561198108308753,
 76561198108373753,
 76561198108513011,
 76561198108752173,
 76561198108770969,
 76561198108776435,
 76561198108786655,
 76561198109251891,
 76561198109294763,
 76561198109339969,
 76561198109399755,
 76561198109412241,
 76561198109422277,
 76561198109530131,
 76561198109584567,
 76561198109639917,
 76561198109844557,
 76561198110018085,
 76561198110297155,
 76561198110351887,
 76561198110448251,
 76561198110453553,
 76561198110498491,
 76561198110543499,
 76561198110571823,
 76561198110718175,
 76561198111147587,
 76561198111232667,
 76561198111266645,
 76561198111540205,
 76561198111583981,
 76561198111673419,
 76561198111775337,
 76561198112119215,
 76561198112186873,
 76561198112268047,
 76561198112300455,
 76561198112386947,
 76561198112454555,
 76561198112582597,
 76561198112653571,
 76561198113159127,
 76561198113260015,
 76561198113321643,
 76561198113356405,
 76561198113442837,
 76561198113535273,
 76561198113888483,
 76561198114005155,
 76561198114323201,
 76561198114324987,
 76561198114350181,
 76561198114514165,
 76561198114542635,
 76561198114835835,
 76561198115295017,
 76561198115395871,
 76561198115408861,
 76561198115552099,
 76561198115758437,
 76561198115832999,
 76561198116002211,
 76561198116106873,
 76561198116326845,
 76561198116443899,
 76561198116520241,
 76561198116554207,
 76561198116742721,
 76561198117058343,
 76561198117124409,
 76561198117187169,
 76561198117415775,
 76561198117597975,
 76561198117822069,
 76561198117957787,
 76561198118034121,
 76561198118129851,
 76561198118301661,
 76561198118339721,
 76561198118450043,
 76561198118601313,
 76561198118646471,
 76561198118718989,
 76561198118724729,
 76561198118853053,
 76561198119004973]
